1.0 1.0 0.0 -0.0 0.0
1.0 1.0 1.198053 -0.5990265 0.0
1.0 1.0 2.396106 -1.198053 0.0
1.0 1.0 3.5941591 -1.7970796 0.0
1.0 1.0 4.792212 -2.396106 0.0
1.0 1.0 5.990265 -2.9951324 0.0
1.0 1.0 7.1883183 -3.5941591 0.0
1.0 1.0 8.386372 -4.193186 0.0
1.0 1.6600001 0.0 -0.0 0.0
1.0 1.6600001 1.198053 -0.7476571 0.0
1.0 1.6600001 2.396106 -1.4953142 0.0
1.0 1.6600001 3.5941591 -2.2429714 0.0
1.0 1.6600001 4.792212 -2.9906285 0.0
1.0 1.6600001 5.990265 -3.7382855 0.0
1.0 1.6600001 7.1883183 -4.485943 0.0
1.0 1.6600001 8.386372 -5.2336 0.0
1.0 2.3200002 0.0 -0.0 0.0
1.0 2.3200002 1.198053 -0.83719367 0.0
1.0 2.3200002 2.396106 -1.6743873 0.0
1.0 2.3200002 3.5941591 -2.5115812 0.0
1.0 2.3200002 4.792212 -3.3487747 0.0
1.0 2.3200002 5.990265 -4.1859684 0.0
1.0 2.3200002 7.1883183 -5.0231624 0.0
1.0 2.3200002 8.386372 -5.8603563 0.0
1.0 2.98 0.0 -0.0 0.0
1.0 2.98 1.198053 -0.89703465 0.0
1.0 2.98 2.396106 -1.7940693 0.0
1.0 2.98 3.5941591 -2.691104 0.0
1.0 2.98 4.792212 -3.5881386 0.0
1.0 2.98 5.990265 -4.485173 0.0
1.0 2.98 7.1883183 -5.382208 0.0
1.0 2.98 8.386372 -6.279243 0.0
1.6600001 1.0 0.0 -0.0 0.0
1.6600001 1.0 1.198053 -0.45039585 0.0
1.6600001 1.0 2.396106 -0.9007917 0.0
1.6600001 1.0 3.5941591 -1.3511876 0.0
1.6600001 1.0 4.792212 -1.8015834 0.0
1.6600001 1.0 5.990265 -2.2519794 0.0
1.6600001 1.0 7.1883183 -2.7023752 0.0
1.6600001 1.0 8.386372 -3.1527712 0.0
1.6600001 1.6600001 0.0 -0.0 0.0
1.6600001 1.6600001 1.198053 -0.52954733 0.0
1.6600001 1.6600001 2.396106 -1.0590947 0.0
1.6600001 1.6600001 3.5941591 -1.588642 0.0
1.6600001 1.6600001 4.792212 -2.1181893 0.0
1.6600001 1.6600001 5.990265 -2.6477365 0.0
1.6600001 1.6600001 7.1883183 -3.177284 0.0
1.6600001 1.6600001 8.386372 -3.7068315 0.0
1.6600001 2.3200002 0.0 -0.0 0.0
1.6600001 2.3200002 1.198053 -0.5729475 0.0
1.6600001 2.3200002 2.396106 -1.145895 0.0
1.6600001 2.3200002 3.5941591 -1.7188425 0.0
1.6600001 2.3200002 4.792212 -2.29179 0.0
1.6600001 2.3200002 5.990265 -2.8647375 0.0
1.6600001 2.3200002 7.1883183 -3.437685 0.0
1.6600001 2.3200002 8.386372 -4.0106325 0.0
1.6600001 2.98 0.0 -0.0 0.0
1.6600001 2.98 1.198053 -0.60035616 0.0
1.6600001 2.98 2.396106 -1.2007123 0.0
1.6600001 2.98 3.5941591 -1.8010685 0.0
1.6600001 2.98 4.792212 -2.4014246 0.0
1.6600001 2.98 5.990265 -3.0017807 0.0
1.6600001 2.98 7.1883183 -3.602137 0.0
1.6600001 2.98 8.386372 -4.202493 0.0
2.3200002 1.0 0.0 -0.0 0.0
2.3200002 1.0 1.198053 -0.3608593 0.0
2.3200002 1.0 2.396106 -0.7217186 0.0
2.3200002 1.0 3.5941591 -1.082578 0.0
2.3200002 1.0 4.792212 -1.4434372 0.0
2.3200002 1.0 5.990265 -1.8042965 0.0
2.3200002 1.0 7.1883183 -2.165156 0.0
2.3200002 1.0 8.386372 -2.5260153 0.0
2.3200002 1.6600001 0.0 -0.0 0.0
2.3200002 1.6600001 1.198053 -0.4099538 0.0
2.3200002 1.6600001 2.396106 -0.8199076 0.0
2.3200002 1.6600001 3.5941591 -1.2298614 0.0
2.3200002 1.6600001 4.792212 -1.6398152 0.0
2.3200002 1.6600001 5.990265 -2.049769 0.0
2.3200002 1.6600001 7.1883183 -2.4597228 0.0
2.3200002 1.6600001 8.386372 -2.8696768 0.0
2.3200002 2.3200002 0.0 -0.0 0.0
2.3200002 2.3200002 1.198053 -0.43549177 0.0
2.3200002 2.3200002 2.396106 -0.87098354 0.0
2.3200002 2.3200002 3.5941591 -1.3064753 0.0
2.3200002 2.3200002 4.792212 -1.7419671 0.0
2.3200002 2.3200002 5.990265 -2.1774588 0.0
2.3200002 2.3200002 7.1883183 -2.6129506 0.0
2.3200002 2.3200002 8.386372 -3.0484426 0.0
2.3200002 2.98 0.0 -0.0 0.0
2.3200002 2.98 1.198053 -0.45114714 0.0
2.3200002 2.98 2.396106 -0.9022943 0.0
2.3200002 2.98 3.5941591 -1.3534415 0.0
2.3200002 2.98 4.792212 -1.8045886 0.0
2.3200002 2.98 5.990265 -2.2557356 0.0
2.3200002 2.98 7.1883183 -2.706883 0.0
2.3200002 2.98 8.386372 -3.15803 0.0
2.98 1.0 0.0 -0.0 0.0
2.98 1.0 1.198053 -0.30101836 0.0
2.98 1.0 2.396106 -0.6020367 0.0
2.98 1.0 3.5941591 -0.9030551 0.0
2.98 1.0 4.792212 -1.2040734 0.0
2.98 1.0 5.990265 -1.5050917 0.0
2.98 1.0 7.1883183 -1.8061101 0.0
2.98 1.0 8.386372 -2.1071286 0.0
2.98 1.6600001 0.0 -0.0 0.0
2.98 1.6600001 1.198053 -0.33442658 0.0
2.98 1.6600001 2.396106 -0.66885316 0.0
2.98 1.6600001 3.5941591 -1.0032798 0.0
2.98 1.6600001 4.792212 -1.3377063 0.0
2.98 1.6600001 5.990265 -1.6721328 0.0
2.98 1.6600001 7.1883183 -2.0065596 0.0
2.98 1.6600001 8.386372 -2.3409863 0.0
2.98 2.3200002 0.0 -0.0 0.0
2.98 2.3200002 1.198053 -0.35122862 0.0
2.98 2.3200002 2.396106 -0.70245725 0.0
2.98 2.3200002 3.5941591 -1.0536859 0.0
2.98 2.3200002 4.792212 -1.4049145 0.0
2.98 2.3200002 5.990265 -1.7561431 0.0
2.98 2.3200002 7.1883183 -2.1073718 0.0
2.98 2.3200002 8.386372 -2.4586005 0.0
2.98 2.98 0.0 -0.0 0.0
2.98 2.98 1.198053 -0.36134145 0.0
2.98 2.98 2.396106 -0.7226829 0.0
2.98 2.98 3.5941591 -1.0840243 0.0
2.98 2.98 4.792212 -1.4453658 0.0
2.98 2.98 5.990265 -1.8067071 0.0
2.98 2.98 7.1883183 -2.1680486 0.0
2.98 2.98 8.386372 -2.5293903 0.0
