8.0 1.5 2.0
8.000459 1.5002522 1.9998941
8.000561 1.5008842 1.9998705
8.000098 1.5015677 1.9999774
7.9991083 1.5018951 2.0002058
7.997882 1.5015388 2.0004888
7.9968834 1.5003937 2.0007193
7.9965925 1.4986508 2.0007865
7.99733 1.4967726 2.0006163
7.999117 1.4953713 2.0002038
8.001617 1.4950206 1.999627
8.004198 1.4960576 1.999032
8.006085 1.4984376 1.9985971
8.006592 1.5016925 1.9984804
8.0053425 1.5050173 1.9987684
8.002426 1.5074683 1.9994411
7.9984303 1.5082277 2.0003636
7.9943275 1.506857 2.0013115
7.991239 1.5034686 2.0020256
7.990133 1.4987534 2.0022814
7.9915304 1.4938465 2.0019581
7.99532 1.4900541 2.0010827
8.000723 1.4885076 1.9998358
8.006451 1.4898359 1.9985158
8.011007 1.4939487 1.9974669
8.013084 1.5 1.996989
8.011924 1.5065552 1.9972562
8.007571 1.51193 1.9982587
8.00092 1.5146234 1.999793
7.993539 1.5137308 2.0014987
7.9873004 1.5092268 2.0029426
7.9839077 1.5020329 2.0037284
7.984433 1.4938366 2.0036068
7.988995 1.4866971 2.0025513
7.996667 1.4825277 2.0007794
8.005658 1.4825866 1.9987069
8.013728 1.4871088 1.9968503
8.018745 1.4951869 1.9956973
8.019251 1.5049429 1.9955812
8.01487 1.5139631 1.9965886
8.006465 1.5198956 1.998525
7.995982 1.5210614 2.000946
7.9860005 1.5169226 2.0032566
7.9790945 1.508277 2.0048578
7.9771757 1.4971166 2.005303
7.980966 1.4861711 2.0044243
7.989761 1.4782405 2.0023897
8.001543 1.475479 1.9996712
8.013444 1.4788154 1.9969329
8.022444 1.4876616 1.9948664
8.026133 1.5 1.9940201
8.023356 1.5128402 1.9946574
8.014561 1.5229433 1.9966803
8.001739 1.5276392 1.9996375
7.987987 1.5255289 2.002819
7.976753 1.5168896 2.0054247
7.9709764 1.5036665 2.0067666
7.9723167 1.4890393 2.0064552
7.98069 1.476658 2.004514
7.994226 1.469732 2.0013855
8.009683 1.4702003 1.9978256
8.02322 1.4781953 1.9947175
8.031355 1.4919494 1.9928533
8.0318575 1.5081798 1.9927381
8.024355 1.5228708 1.9944596
8.010485 1.5322683 1.9976523
7.993545 1.5338374 2.0015664
7.9777117 1.5269419 2.005238
7.967007 1.5130626 2.0077267
7.964281 1.4954876 2.0083609
7.970454 1.4785336 2.0069263
7.9842296 1.4664865 2.003735
8.002358 1.4625177 1.9995526
8.020401 1.4678531 1.9954072
8.033818 1.4814085 1.992334
8.039108 1.5 1.9911239
8.034724 1.5190898 1.9921274
8.021509 1.5338935 1.9951614
8.002553 1.5405791 1.9995322
7.982468 1.537257 2.0041845
7.9662704 1.5245061 2.0079508
7.9581246 1.50529 2.0098488
7.960276 1.484272 2.0093477
7.972438 1.4666828 2.0065227
7.991801 1.4570193 2.0020444
8.01368 1.4578956 1.9970094
8.032648 1.4693415 1.9926635
8.043879 1.4887341 1.9900972
8.044376 1.5113941 1.9899834
8.033773 1.5317156 1.9924111
8.014476 1.5445526 1.9968486
7.9911256 1.5465207 2.0022464
7.9694843 1.5368872 2.0072744
7.9550104 1.5178126 2.0106487
7.9514847 1.4938711 2.0114715
7.960023 1.470955 2.0094824
7.978742 1.4548242 2.00514
8.003167 1.4496591 1.9995054
8.027302 1.4569788 1.9939684
8.045099 1.4752061 1.989902
8.051978 1.5000001 1.9883331
8.045998 1.5252873 1.9896989
8.028399 1.5447509 1.993733
8.00336 1.5534078 1.9995052
7.9769974 1.5488831 2.005619
7.9558797 1.5320554 2.0105412
7.9453874 1.5068992 2.012993
7.948344 1.4795481 2.0123024
7.964261 1.4567991 2.0085976
7.9893985 1.4444243 2.00278
8.017641 1.4457064 1.9962856
8.041986 1.460572 1.9907186
8.056281 1.4855494 1.9874609
8.056774 1.5145772 1.9873486
8.0431 1.5404737 1.9904729
8.018428 1.5567148 1.9961411
7.9887304 1.5590764 2.0030098
7.9613404 1.5467315 2.009385
7.943137 1.5225137 2.0136409
7.938821 1.4922714 2.0146513
7.9497013 1.463456 2.0121102
7.9733124 1.443286 2.0066252
8.003967 1.4369385 1.9995533
8.034128 1.4462225 1.9926435
8.056258 1.4690721 1.9875994
8.064705 1.5000001 1.9856782
8.057144 1.5314155 1.9874005
8.0352125 1.5554856 1.9924203
8.004158 1.5660901 1.9995776
7.9715896 1.560375 2.0071402
7.94561 1.539517 2.01321
7.9328 1.5084896 2.0162127
7.936554 1.4748801 2.0153332
7.9561825 1.4470339 2.010755
7.987025 1.4319818 2.0036118
8.021554 1.433666 1.9956775
8.05121 1.4519105 1.9889091
8.06853 1.4824048 1.9849724
8.069016 1.5177207 1.9848619
8.052308 1.5491207 1.9886718
8.022329 1.5687213 1.9955531
7.9863663 1.5714703 2.0038755
7.9533024 1.5564477 2.0115864
7.9314194 1.527153 2.016717
7.9263253 1.4906927 2.017913
7.9395175 1.4560571 2.0148242
7.967956 1.431903 2.008208
8.004757 1.4243907 1.9997182
8.040861 1.4356135 1.9914577
8.067262 1.4630225 1.9854541
8.077254 1.5 1.9831872
8.068134 1.5374573 1.9852599
8.041928 1.5660683 1.9912493
8.004945 1.5785912 1.9997718
7.96626 1.5717015 2.0087662
7.935489 1.5468699 2.015973
7.920397 1.5100561 2.0195215
7.9249377 1.4702805 2.0184546
7.948224 1.4374135 2.013012
7.9846864 1.4197257 2.0045605
8.025406 1.4218072 1.9952098
8.060294 1.4433806 1.987262
8.080591 1.479308 1.98266
8.081069 1.5208151 1.9825518
8.061373 1.5576333 1.9870344
8.026169 1.5805398 1.9951087
7.9840393 1.5836681 2.004864
7.945392 1.5660089 2.013894
7.91989 1.5317181 2.01989
7.914031 1.4891399 2.02127
7.9294996 1.4487789 2.0176387
7.962687 1.4207069 2.0099063
8.005533 1.4120501 2.000021
8.047482 1.4251813 1.9904354
8.078082 1.4570748 1.9834919
8.089592 1.5000005 1.9808875
8.078938 1.5433971 1.9833034
8.04853 1.5764697 1.9902438
8.005717 1.5908769 2.000109
7.9610224 1.5828316 2.0105143
7.925545 1.5540947 2.018844
7.9082117 1.5115956 2.0229316
7.913527 1.465763 2.0216792
7.9404073 1.4279649 2.0153832
7.982391 1.4076893 2.0056438
8.02919 1.410163 1.9949031
8.069212 1.4350058 1.9858016
8.092431 1.4762678 1.9805497
8.092899 1.5238526 1.9804438
8.07027 1.5659876 1.9855849
8.029937 1.5921373 1.9948289
7.981756 1.5956368 2.005993
7.937632 1.5753896 2.0163229
7.90858 1.5361958 2.023173
7.901973 1.4876162 2.024734
7.9196754 1.4416405 2.0205674
7.9575214 1.4097278 2.011736
8.006294 1.3999506 2.0004814
8.053971 1.4149535 1.9895991
8.088687 1.4512441 1.9817382
8.101685 1.5000002 1.9788043
8.089525 1.5492173 1.9815556
8.0549965 1.5866619 1.9894264
8.0064745 1.6029137 2.0006075
7.9558916 1.5937344 2.0124
7.9158053 1.5611706 2.0218353
7.8962784 1.5131035 2.0264544
7.9023533 1.4613394 2.0250187
7.932754 1.4187139 2.0178828
7.9801426 1.3959063 2.0068798
8.032893 1.3987648 1.994779
8.07794 1.4268092 1.9845513
8.104017 1.4732926 1.9786662
8.104475 1.5268245 1.9785628
8.078974 1.574161 1.9843464
8.033624 1.6034822 1.9947344
7.979523 1.6073433 2.0072794
7.930043 1.5845636 2.0188868
7.89752 1.540574 2.0265777
7.8901834 1.4861262 2.0283165
7.910071 1.4346619 2.0236232
7.952472 1.398996 2.0137131
8.007039 1.3881254 2.0011187
8.060315 1.4049599 1.9889711
8.09905 1.445547 1.9802171
8.113498 1.5 1.9769632
8.099867 1.5549026 1.9800413
8.061315 1.5966163 1.9888196
8.007215 1.6146683 2.0012872
7.950882 1.6043806 2.0144386
7.9062963 1.5680795 2.0249596
7.8846292 1.5145745 2.030101
7.8914475 1.4570209 2.0284848
7.9252853 1.4096851 2.0205247
7.97795 1.3844084 2.0082848
8.036506 1.3876442 1.9948574
8.086454 1.418813 1.9835335
8.115319 1.4703906 1.977033
8.115765 1.5297228 1.9769328
8.087461 1.5821311 1.983342
8.037218 1.6145436 1.9948453
7.9773464 1.6187557 2.0087397
7.9226456 1.593506 2.0215983
7.8867416 1.5448426 2.0301135
7.8786945 1.484675 2.0320265
7.900713 1.4278631 2.0268164
7.947552 1.3885415 2.015851
8.007764 1.3766068 2.0019493
8.066492 1.395226 1.9885708
8.109141 1.4399999 1.9789492
8.125 1.5000007 1.9753851
8.109935 1.5604382 1.978781
8.067463 1.6063062 1.9884421
8.007935 1.6261085 2.0021634
7.9460073 1.6147406 2.0166428
7.8970437 1.5748011 2.0282266
7.8732963 1.5160055 2.0338795
7.88084 1.4528201 2.0320861
7.9180217 1.4009038 2.0233197
7.975816 1.3732276 2.0098739
8.040019 1.3768314 1.9951555
8.094732 1.4110394 1.9827678
8.126305 1.4675696 1.9756712
8.126738 1.5325396 1.9755739
8.09571 1.589876 1.9825903
8.04071 1.6252909 1.9951777
7.975232 1.6298425 2.010387
7.9154606 1.602192 2.024467
7.8762736 1.5489876 2.033788
7.8675385 1.483265 2.0358713
7.8916273 1.4212612 2.0301557
7.942777 1.378392 2.0181608
8.008468 1.3654264 2.0029876
8.072488 1.3857797 1.988415
8.118934 1.4346174 1.9779537
8.13616 1.5000014 1.9740895
8.119701 1.5658082 1.9777933
8.073428 1.6157037 1.9883101
8.008633 1.6372031 2.0032501
7.941281 1.6247863 2.0190222
7.8880744 1.5813193 2.031643
7.862311 1.5173947 2.037795
7.8705573 1.4487505 2.0358286
7.910981 1.3923954 2.0262759
7.9737496 1.362394 2.0116563
8.043423 1.3663566 1.9956863
8.102751 1.4035103 1.9822696
8.136944 1.4648385 1.9745973
8.137362 1.5352682 1.9745036
8.103695 1.5973754 1.9821075
8.04409 1.6356951 1.9957457
7.9731846 1.6405733 2.0122318
7.9085064 1.6105973 2.0275006
7.866144 1.5529974 2.0376072
7.8567452 1.4819028 2.039856
7.882838 1.4148768 2.0336478
7.938157 1.3685768 2.020652
8.009147 1.3546149 2.0042462
8.078283 1.3766456 1.9885188
8.128399 1.4294124 1.9772471
8.146946 1.5 1.9730939
8.129141 1.5709959 1.9770948
8.079191 1.6247852 1.9884393
8.009306 1.6479218 2.0045595
7.9367137 1.6344894 2.0215867
7.8794107 1.5876129 2.035215
7.851702 1.5187341 2.0418527
7.8606305 1.4448195 2.039717
7.9041862 1.3841807 2.0294
7.971756 1.3519374 2.0136435
8.046708 1.3562481 1.9964639
8.110488 1.3962458 1.982055
8.147208 1.4622039 1.9738283
8.14761 1.5379003 1.9737384
8.111395 1.6046078 1.9819093
8.047349 1.6457275 1.9965622
7.97121 1.6509187 2.0142841
7.9018025 1.6186994 2.0307057
7.856383 1.5568639 2.0415742
7.846345 1.4805906 2.043984
7.874369 1.408726 2.0372975
7.933708 1.3591208 2.0233319
8.009803 1.3442018 2.0057352
8.083865 1.3678505 1.9888954
8.137513 1.4244026 1.9768442
8.1573305 1.5000008 1.9724132
8.138226 1.575991 1.976701
8.084736 1.6335247 1.9888431
8.009954 1.658235 2.0061018
7.9323206 1.6438239 2.0243428
7.8710775 1.5936663 2.0389473
7.8415003 1.520022 2.0460558
7.851086 1.4410396 2.0437555
7.897654 1.3762833 2.0326986
7.9698396 1.3418868 2.0158439
8.049863 1.346533 1.9974998
8.11792 1.3892641 1.9821372
8.157068 1.4596705 1.9733783
8.1574545 1.5404261 1.973292
8.118793 1.6115519 1.9820076
8.050481 1.6553596 1.9976372
7.969317 1.6608509 2.016551
7.89537 1.6264777 2.0340865
7.847014 1.5605725 2.045693
7.8363657 1.4793291 2.0482574
7.866246 1.4028234 2.0411077
7.929441 1.350051 2.0262063
8.010432 1.3342159 2.0074632
8.089218 1.3594178 1.9895552
8.146251 1.4196001 1.9767572
8.167283 1.5000018 1.9720607
8.146931 1.5807779 1.9766235
8.090049 1.6418983 1.9895312
8.010577 1.6681142 2.0078845
7.928115 1.6527652 2.0272946
7.863099 1.5994649 2.0428412
7.831733 1.5212576 2.0504036
7.8419485 1.4374236 2.0479445
7.8914003 1.3687265 2.0361743
7.9680033 1.3322699 2.0182633
8.052884 1.3372391 1.9988008
8.125031 1.3825874 1.9825253
8.166498 1.4572502 1.9732581
8.166866 1.5428436 1.9731759
8.125862 1.618192 1.9824135
8.053472 1.6645668 1.9989797
7.967506 1.6703417 2.019038
7.889222 1.6339077 2.0376449
7.8380647 1.5641149 2.049961
7.826835 1.4781243 2.0526743
7.85849 1.3971871 2.0450783
7.9253654 1.3413934 2.0292778
8.01103 1.3246841 2.0094361
8.094324 1.351369 1.9905062
8.154586 1.4150158 1.9769948
8.176777 1.5000001 1.9720448
8.155234 1.5853411 1.9768704
8.095118 1.6498815 1.9905095
8.011169 1.6775329 2.009912
7.924104 1.6612866 2.0304437
7.8554945 1.6049889 2.046895
7.8224273 1.5224323 2.0548937
7.8332453 1.4339768 2.0522814
7.8854465 1.361528 2.0398257
7.966257 1.3231124 2.020903
8.055759 1.3283914 2.0003724
8.1318 1.3762329 1.9832264
8.175472 1.454947 1.9734751
8.17582 1.5451436 1.9733975
8.1325865 1.6245081 1.983133
8.056315 1.6733228 2.0005934
7.9657836 1.6793658 2.0217462
7.883378 1.6409707 2.0413795
7.829559 1.5674816 2.0543766
7.8177786 1.4769821 2.0572321
7.85112 1.3918349 2.0492084
7.921494 1.3331704 2.0325472
8.0116005 1.315633 2.011656
8.099174 1.343729 1.9917531
8.162498 1.4106667 1.9775636
8.185786 1.5000011 1.9723735
8.163114 1.5896702 1.9774492
8.099923 1.6574553 1.9917859
8.011733 1.6864648 2.0121877
7.920301 1.669366 2.0337908
7.8482876 1.6102273 2.0511067
7.8136077 1.5235455 2.0595229
7.8249984 1.4307135 2.0567636
7.8798065 1.3547089 2.0436528
7.964601 1.3144401 2.023766
8.058482 1.3200141 2.0022192
8.1382065 1.3702174 1.984247
8.183964 1.4527646 1.974037
8.184294 1.5473201 1.9739635
8.13895 1.630481 1.9841713
8.059005 1.6816038 2.0024824
7.9641576 1.6878985 2.0246763
7.8778534 1.6476471 2.0452883
7.8215213 1.570666 2.0589342
7.809222 1.4758973 2.0619254
7.8441596 1.3867768 2.053493
7.917843 1.3254023 2.0360115
8.012136 1.3070872 2.014125
8.103751 1.3365175 1.9932994
8.169965 1.40656 1.9784685
8.194286 1.500002 1.9730513
8.170544 1.5937561 1.9783643
8.104454 1.6645976 1.9933614
8.012262 1.6948858 2.0147111
7.9167166 1.6769811 2.0373316
7.841495 1.6151614 2.0554698
7.8052993 1.524597 2.0642822
7.8172317 1.4276376 2.0613825
7.8744936 1.34829 2.0476494
7.9630446 1.306276 2.0268474
8.061043 1.3121294 2.0043397
8.144235 1.3645579 1.9855865
8.191953 1.4507145 1.9749438
8.192261 1.549367 1.9748751
8.144931 1.6360983 1.9855297
8.061533 1.6893871 2.0046444
7.9626274 1.6959159 2.0278246
7.8726635 1.6539189 2.0493639
7.813972 1.5736539 2.0636256
7.801189 1.4748814 2.0667446
7.837627 1.382029 2.057924
7.9144144 1.3181139 2.0396664
8.012641 1.2990704 2.0168393
8.108043 1.3297523 1.9951444
8.176967 1.4027119 1.9797093
8.202254 1.5000001 1.9740789
8.177506 1.597585 1.9796157
8.108702 1.6712872 1.9952346
8.01276 1.7027725 2.0174792
7.913363 1.6841124 2.0410604
7.835139 1.6197822 2.059976
7.7975245 1.5255783 2.0691638
7.809965 1.4247627 2.066131
7.8695273 1.342285 2.0518088
7.9615865 1.2986434 2.0301447
8.063437 1.3047603 2.006732
8.149868 1.3592696 1.9872457
8.199415 1.4487995 1.9761972
8.199701 1.5512785 1.9761335
8.150514 1.6413426 1.987208
8.063891 1.6966513 2.0070782
7.9611993 1.7033962 2.0311863
7.867825 1.6597707 2.053598
7.8069324 1.5764399 2.0684404
7.7936997 1.4739373 2.0716798
7.831537 1.3776071 2.0624938
7.9112177 1.3113253 2.043506
8.013109 1.2916039 2.0197952
8.11204 1.3234555 1.9972851
8.183482 1.3991276 1.9812852
8.209667 1.5000012 1.9754559
8.183984 1.6011436 1.9812024
8.112649 1.677509 1.9974046
8.013221 1.7101035 2.0204878
7.910244 1.6907378 2.0449705
7.829232 1.6240723 2.0646162
7.790304 1.5264893 2.0741553
7.8032203 1.4220912 2.0709968
7.8649187 1.3367122 2.0561218
7.9602365 1.2915621 2.0336497
8.0656595 1.2979265 2.0093915
8.155086 1.3543625 1.9892225
8.206331 1.447025 1.977795
8.206595 1.5530465 1.9777362
8.155686 1.6461972 1.9892024
8.066079 1.7033756 2.0097775
7.959881 1.7103195 2.034753
7.8633466 1.6651827 2.0579822
7.8004236 1.5790193 2.0733669
7.7867765 1.4730616 2.0767183
7.8259106 1.3735181 2.0671895
7.908267 1.3050526 2.0475192
8.013544 1.284709 2.0229845
8.11573 1.3176426 1.9997164
8.189496 1.3958228 1.983192
8.216506 1.5000024 1.9771785
8.189956 1.6044278 1.9831207
8.116287 1.6832441 1.9998655
8.013644 1.7168586 2.023729
7.907371 1.6968404 2.0490513
7.823794 1.6280223 2.0693772
7.7836595 1.5273309 2.0792437
7.797015 1.4196333 2.0759673
7.8606777 1.3315891 2.0605779
7.958996 1.2850522 2.0373538
8.067701 1.2916466 2.0123115
8.159881 1.3498566 1.9915097
8.212682 1.4453957 1.9797323
8.212922 1.5546721 1.9796788
8.160428 1.650656 1.9915087
8.068082 1.7095433 2.012737
7.958666 1.7166653 2.0385172
7.8592424 1.6701418 2.062503
7.7944613 1.5813823 2.0783906
7.7804375 1.4722595 2.081846
7.8207593 1.3697784 2.0719988
7.905568 1.2993143 2.0516956
8.013938 1.2784038 2.0264
8.119103 1.3123295 2.0024316
8.194988 1.3928005 1.9854243
8.222752 1.5000036 1.9792409
8.195408 1.6074228 1.9853636
8.119607 1.6884772 2.002609
8.014034 1.7230192 2.0271919
7.9047523 1.7024034 2.0532897
7.8188405 1.631624 2.0742428
7.777607 1.528091 2.0844119
7.7913647 1.4173987 2.0810263
7.8568234 1.3269233 2.0651603
7.9578643 1.279132 2.0412455
8.0695505 1.2859356 2.015483
8.16424 1.3457646 1.9940983
8.218448 1.4439094 1.9820012
8.218665 1.556148 1.9819527
8.164737 1.6546943 1.9941155
8.069898 1.7151368 2.0159452
7.957574 1.722419 2.0424623
7.855524 1.6746346 2.0671453
7.7890615 1.5835191 2.083495
7.7747006 1.4715335 2.0870445
7.8161016 1.3663931 2.0769043
7.903128 1.2941259 2.0560207
8.0142975 1.2727063 2.0300279
8.12215 1.3075309 2.00542
8.199948 1.390075 1.9879714
8.228386 1.5000048 1.9816341
8.200324 1.6101265 1.9879221
8.122599 1.6931936 2.0056248
8.014382 1.7285687 2.0308654
7.9024005 1.7074145 2.0576696
7.8143816 1.6348622 2.079198
7.772165 1.5287842 2.0896418
7.786288 1.4153874 2.086156
7.853354 1.3227384 2.069857
7.9568515 1.2738166 2.0453098
8.071217 1.2808135 2.0188913
8.168149 1.3420955 1.996979
8.223616 1.4425836 1.9845921
8.223811 1.5574633 1.9845484
8.168589 1.6583136 1.9970154
8.071522 1.7201406 2.01939
7.9565916 1.7275618 2.0465775
7.8522015 1.6786486 2.071892
7.78424 1.5854269 2.0886605
7.7695813 1.4708855 2.0922947
7.811948 1.3633738 2.081888
7.900947 1.2895049 2.0604799
8.014618 1.2676318 2.0338545
8.124856 1.303256 2.0086708
8.20436 1.3876507 1.9908234
8.233395 1.4999989 1.9843478
8.20469 1.6125282 1.9907858
8.12526 1.6973766 2.0088997
8.014691 1.7334917 2.034735
7.90031 1.7118542 2.0621777
7.810431 1.6377307 2.0842226
7.767347 1.5293916 2.0949137
7.7817965 1.4136078 2.0913363
7.8502917 1.319035 2.0746455
7.955957 1.269121 2.049531
8.072686 1.2762921 2.0225239
8.171597 1.3388593 2.0001385
8.228171 1.441415 1.9874923
8.228341 1.5586277 1.9874544
8.17198 1.661499 2.0001934
8.072957 1.7245388 2.0230548
7.9557285 1.7320809 2.0508437
7.84929 1.6821775 2.0767221
7.7800093 1.5871006 2.0938668
7.7650924 1.4703244 2.0975766
7.8083096 1.360729 2.0869305
7.899044 1.2854577 2.0650523
8.014898 1.2631942 2.0378642
8.127226 1.2995242 2.0121665
8.208212 1.3855345 1.9939659
8.237764 1.5000002 1.987368
8.208495 1.6146216 1.9939402
8.127572 1.7010225 2.0124214
8.014959 1.7377747 2.0387836
7.898493 1.7157133 2.0667925
7.8070006 1.6402217 2.0892954
7.763166 1.5299186 2.1002057
7.7779036 1.4120651 2.0965462
7.84764 1.3158276 2.0795078
7.955183 1.2650584 2.0538912
8.073957 1.2723839 2.026364
8.174575 1.3360647 2.0035617
8.232102 1.440407 1.9906876
8.232245 1.5596315 1.9906555
8.174898 1.6642418 2.003635
8.074186 1.7283237 2.0269263
7.9549866 1.7359638 2.0552433
7.8467855 1.6852026 2.081618
7.776382 1.5885355 2.0990908
7.7612486 1.4698375 2.1028655
7.805197 1.3584659 2.092009
7.8974175 1.2819986 2.0697181
8.015139 1.2594056 2.0420372
8.129247 1.2963418 2.0158908
8.2114935 1.3837322 1.9973823
8.241482 1.5000014 1.9906789
8.211729 1.616401 1.9973686
8.129535 1.7041174 2.01617
8.015186 1.7414061 2.0429912
7.8969536 1.718981 2.0714927
7.804099 1.6423284 2.0943933
7.7596345 1.5303634 2.1054926
7.774619 1.4107635 2.101761
7.845406 1.313125 2.084421
7.954532 1.2616396 2.0583694
8.0750265 1.2690997 2.030393
8.177069 1.3337141 2.0072324
8.235396 1.4395626 1.9941614
8.235516 1.5604646 1.9941347
8.177338 1.6665345 2.007322
8.075218 1.7314805 2.0309823
7.954368 1.7392 2.0597544
7.844702 1.6877201 2.086555
7.7733674 1.5897276 2.1043086
7.758059 1.4694333 2.108138
7.802618 1.3565906 2.0971005
7.8960724 1.2791371 2.0744565
8.015336 1.2562766 2.0463552
8.130914 1.2937176 2.0198264
8.214194 1.3822485 2.0010567
8.244537 1.5000027 1.994264
8.214383 1.6178612 2.0010543
8.131143 1.7066529 2.0201283
8.015379 1.7443752 2.047337
7.895697 1.7216486 2.0762568
7.8017387 1.6440508 2.0994914
7.756762 1.5307251 2.1107502
7.77195 1.4097133 2.1069574
7.8435955 1.3109345 2.0893614
7.9539986 1.2588756 2.0629454
8.075889 1.2664483 2.03459
8.179082 1.3318247 2.011129
8.238046 1.4388837 1.9978945
8.238138 1.5611392 1.9978738
8.179292 1.6683707 2.0112355
8.076037 1.7340052 2.0352051
7.953874 1.7417806 2.0643551
7.843043 1.6897229 2.0915086
7.770974 1.5906739 2.1094937
7.7555323 1.4691129 2.1133673
7.8005757 1.3551146 2.10218
7.8950124 1.2768809 2.0792427
8.015485 1.253815 2.0507965
8.132222 1.291659 2.0239515
8.216306 1.381081 2.0049686
8.2469225 1.5000039 1.9981034
8.216453 1.6189917 2.0049765
8.132391 1.7086219 2.0242748
8.015523 1.746675 2.0518014
7.8947263 1.7237086 2.08106
7.799917 1.6453726 2.104566
7.754556 1.5310024 2.115952
7.769908 1.4089036 2.112108
7.8422136 1.3092623 2.094305
7.9535985 1.2567712 2.0675933
8.076544 1.2644371 2.0389342
8.180605 1.3303962 2.0152318
8.240042 1.4383724 2.0018678
8.240108 1.5616462 2.001853
8.180758 1.66974 2.015354
8.076648 1.7358885 2.0395715
7.9535146 1.7436998 2.069019
7.8418145 1.6912057 2.0964532
7.7692113 1.5913786 2.1146195
7.753676 1.4688771 2.1185267
7.7990847 1.3540297 2.1072197
7.89424 1.2752362 2.0840526
8.015598 1.2520287 2.0553348
8.133167 1.2901714 2.0282447
8.217827 1.3802459 2.009096
8.248631 1.5000052 2.002176
8.217925 1.6198027 2.0091155
8.133276 1.7100191 2.0285878
8.015624 1.7482986 2.0563595
7.894044 1.7251555 2.0858774
7.7986445 1.6462958 2.1095896
7.753024 1.5312023 2.1210701
7.768497 1.4083437 2.1171858
7.8412585 1.3081176 2.0992267
7.9533253 1.2553334 2.07229
8.076982 1.2630692 2.043404
8.181633 1.3294325 2.0195196
8.241379 1.4380227 2.00606
8.24142 1.5619843 2.0060506
8.1817255 1.6706494 2.0196576
8.077048 1.7371252 2.0440588
7.9532747 1.7449497 2.0737271
7.8410196 1.6921645 2.1013641
7.7680783 1.5918258 2.1196609
7.752495 1.4687265 2.1235902
7.798144 1.3533447 2.112195
7.8937573 1.2742076 2.0888612
8.01567 1.2509222 2.0599482
8.133748 1.289259 2.0326834
8.218751 1.3797392 2.0134175
8.249658 1.4999989 2.0064604
8.218801 1.6202854 2.0134482
8.133802 1.7108366 2.0330422
8.015682 1.7492418 2.0609863
7.8936586 1.7259884 2.0906808
7.7979236 1.646818 2.1145337
7.7521677 1.5313092 2.1260767
7.7677207 1.4080349 2.1221626
7.8407445 1.3074942 2.1040957
7.9531803 1.2545662 2.0770085
8.077215 1.2623531 2.0479703
8.182163 1.3289365 2.023967
8.242056 1.4378501 2.0104458
8.242069 1.5621525 2.0104427
8.182194 1.6710911 2.0241203
8.077237 1.7377119 2.048641
7.953163 1.7455282 2.0784488
7.8406663 1.6926013 2.1062102
7.767581 1.5920213 2.1245866
7.751991 1.4686692 2.128527
7.7977567 1.3530618 2.1170757
7.893559 1.2738012 2.093642
8.0156975 1.2504983 2.06461
8.133956 1.2889199 2.0372431
8.219076 1.379562 2.0179083
8.25 1.5000002 2.0109322
8.219076 1.6204385 2.0179508
8.133955 1.7110803 2.037617
8.015697 1.7495018 2.065657
7.8935585 1.7261987 2.0954475
7.7977567 1.6469378 2.1193721
7.751991 1.5313303 2.1309445
7.767581 1.4079782 2.127012
7.840667 1.3073983 2.1088884
7.9531636 1.2544717 2.081725
8.077238 1.2622882 2.0526118
8.182195 1.3289093 2.0285523
8.242069 1.437848 2.0150046
8.242056 1.5621504 2.0150077
8.182163 1.6710639 2.0287204
8.077215 1.737647 2.0532947
7.95318 1.7454338 2.0831609
7.840744 1.6925055 2.1109695
7.7677207 1.5919647 2.1293714
7.7521677 1.4686903 2.1333113
7.797924 1.3531816 2.121837
7.893659 1.2740115 2.0983667
8.015682 1.2507582 2.0692961
8.133802 1.2891636 2.0418983
8.218801 1.379715 2.0225465
8.249658 1.5000015 2.0155692
8.218751 1.6202613 2.0226002
8.133741 1.7107455 2.0422862
8.015669 1.7490779 2.0703459
7.8937497 1.725789 2.1001492
7.798144 1.646655 2.124077
7.752494 1.5312655 2.135645
7.7680783 1.4081738 2.1317055
7.841026 1.3078303 2.1135767
7.953275 1.2550502 2.086412
8.077048 1.2628751 2.0573025
8.1817255 1.329351 2.03325
8.24142 1.4380162 2.0197108
8.241381 1.5619705 2.0197196
8.181633 1.6705679 2.0334318
8.076988 1.7369286 2.057992
7.953325 1.7446666 2.0878353
7.8412642 1.6918869 2.115611
7.768497 1.591656 2.1339867
7.753024 1.4687972 2.1379142
7.798645 1.3537037 2.1264498
7.894051 1.2748411 2.1030097
8.015624 1.2517014 2.0739803
8.133283 1.2899852 2.0466244
8.217925 1.3801976 2.0273063
8.248631 1.5000027 2.020346
8.217827 1.6197546 2.027371
8.133167 1.7098289 2.0470226
8.015598 1.7479713 2.0750265
7.8942327 1.7247603 2.1047587
7.799084 1.64597 2.1286209
7.753676 1.5311224 2.1401503
7.7692084 1.408628 2.1362162
7.8418207 1.3087891 2.1181333
7.953515 1.2563001 2.0910432
8.076641 1.2641094 2.0620177
8.180754 1.3302549 2.0380359
8.2401085 1.4383543 2.0245395
8.24004 1.5616354 2.0245552
8.180611 1.6695987 2.0382283
8.076543 1.735563 2.0627108
7.953598 1.7432287 2.0924463
7.8422074 1.6907326 2.1201124
7.769911 1.591103 2.1384044
7.754556 1.4689971 2.1423092
7.7999177 1.354627 2.130888
7.8947334 1.276288 2.1075442
8.015523 1.253325 2.078636
8.132391 1.2913784 2.0513973
8.216449 1.3810021 2.0321634
8.2469225 1.500004 2.0252376
8.216305 1.6189195 2.032238
8.132221 1.7083412 2.051804
8.015492 1.7461846 2.0796714
7.895005 1.7231157 2.1092498
7.8005757 1.6448851 2.1329768
7.7555323 1.5308867 2.1444342
7.770974 1.4093257 2.140516
7.843049 1.310272 2.1225321
7.953882 1.2582179 2.0955932
8.076031 1.2659926 2.0667295
8.179292 1.3316296 2.0428832
8.238138 1.4388613 2.0294669
8.238044 1.561124 2.0294883
8.179088 1.6681702 2.0430872
8.075889 1.7335519 2.0674233
7.9540057 1.7411257 2.0969656
7.8435893 1.6890603 2.1244423
7.771952 1.5902933 2.1425989
7.756762 1.4692745 2.1464684
7.8017344 1.3559548 2.135125
7.8957043 1.278348 2.1119435
8.01538 1.2556249 2.0832372
8.131143 1.2933474 2.0561888
8.214383 1.3821393 2.0370913
8.244537 1.5000052 2.0302193
8.2141905 1.6177585 2.0371761
8.130914 1.7062826 2.0566032
8.015336 1.7437235 2.0842583
7.896065 1.7208595 2.1135964
7.8026133 1.6434029 2.1371183
7.7580585 1.5305662 2.1484694
7.7733674 1.4102719 2.1445787
7.8447075 1.3122749 2.1267462
7.9543757 1.2607985 2.1000347
8.075212 1.2685174 2.071413
8.177339 1.3334658 2.0477664
8.235514 1.4395286 2.0344665
8.2353945 1.5604451 2.0344937
8.1770735 1.6662809 2.0479815
8.075026 1.7309004 2.072104
7.9545317 1.7383603 2.1013708
7.8454 1.68687 2.1285765
7.7746186 1.5892361 2.146544
7.759635 1.4696361 2.1503668
7.804099 1.3576713 2.1391337
7.8969607 1.2810156 2.1161826
8.015194 1.2585945 2.087759
8.129536 1.2958828 2.0609746
8.21173 1.3835995 2.0420651
8.241482 1.5000064 2.035266
8.21149 1.6162747 2.0421605
8.129247 1.7036585 2.0613954
8.015138 1.7405944 2.0887601
7.897417 1.7180011 2.1177714
7.8051925 1.6415278 2.1410208
7.7612486 1.530162 2.152232
7.776382 1.4114641 2.1483805
7.846786 1.3147972 2.130753
7.954994 1.2640347 2.1043441
8.074186 1.2716764 2.076044
8.174899 1.3357584 2.0526621
8.232246 1.440369 2.039514
8.2321005 1.5596005 2.0395477
8.174579 1.6639303 2.0528867
8.073957 1.7276162 2.076729
7.9551826 1.7349416 2.1056368
7.8476343 1.6841674 2.1324916
7.777906 1.5879412 2.1502159
7.7631664 1.470081 2.153981
7.8070006 1.3597779 2.1428912
7.898493 1.2842865 2.1202385
8.014967 1.2622257 2.0921767
8.127573 1.2989777 2.065731
8.208496 1.3853787 2.0470614
8.237764 1.5000002 2.040353
8.208208 1.6144722 2.0471666
8.127226 1.7004762 2.0661554
8.014898 1.7368059 2.0931525
7.8990436 1.714542 2.1217544
7.8083053 1.6392648 2.144661
7.7650933 1.5296823 2.1556983
7.7800093 1.4128989 2.1518977
7.8492904 1.3178222 2.1345255
7.955736 1.2679176 2.108497
8.072951 1.2754592 2.0806
8.17198 1.3385013 2.0575461
8.228341 1.4413728 2.0445864
8.228171 1.5585854 2.0446255
8.171601 1.6611358 2.0577798
8.072686 1.723708 2.0812743
7.9559565 1.7308788 2.1097393
7.8502917 1.6809647 2.136163
7.781799 1.5863984 2.1535933
7.767347 1.4706079 2.1572888
7.8104315 1.3622689 2.1463754
7.90031 1.2881455 2.1240861
8.014698 1.2665088 2.0964682
8.125255 1.3026198 2.0704367
8.20469 1.3874722 2.0520575
8.233395 1.5000014 2.0454586
8.204356 1.6123558 2.0521722
8.124862 1.6967404 2.0708606
8.014618 1.7323682 2.0974138
7.9009466 1.710495 2.1255226
7.8119435 1.63662 2.1480181
7.7695813 1.529114 2.1588488
7.78424 1.4145726 2.15511
7.8522077 1.3213466 2.1380446
7.956592 1.272438 2.1124732
8.071523 1.2798595 2.0850556
8.16859 1.3416867 2.0623958
8.223811 1.4425372 2.0496602
8.223616 1.5574169 2.0497053
8.168153 1.6578996 2.0626378
8.071222 1.7191845 2.0857153
7.956851 1.7261834 2.1136568
7.853354 1.6772612 2.1395726
7.78629 1.5846188 2.1566553
7.7721643 1.4712224 2.1602705
7.8143816 1.3651375 2.1495657
7.9024005 1.2925853 2.1277053
8.014376 1.2714309 2.100614
8.122599 1.3068067 2.0750663
8.200324 1.3898739 2.05703
8.228386 1.5000026 2.0505593
8.199948 1.6099255 2.0571535
8.122149 1.6924694 2.0754907
8.0142975 1.7272937 2.101522
7.9031215 1.705871 2.1290553
7.8161016 1.6336067 2.1510718
7.7747006 1.528466 2.1616642
7.7890615 1.4164804 2.1579986
7.85553 1.3253608 2.141291
7.9575744 1.277581 2.1162498
8.069898 1.2848634 2.0893917
8.164732 1.345301 2.0671914
8.218667 1.4438591 2.0547144
8.218447 1.556091 2.0547655
8.164245 1.6542306 2.0674396
8.069557 1.7140625 2.0900362
7.957864 1.720868 2.117371
7.856818 1.6730721 2.1427023
7.791367 1.5826073 2.1593862
7.777607 1.4719087 2.1629097
7.8188405 1.3683757 2.152446
7.9047585 1.2975936 2.131079
8.014028 1.2769804 2.10459
8.119607 1.3115231 2.079602
8.195409 1.3925775 2.06196
8.222752 1.5000037 2.0556355
8.194988 1.6071999 2.0620923
8.119103 1.6876707 2.0800247
8.013945 1.7215958 2.105457
7.9055614 1.7006826 2.1323354
7.8207593 1.6302211 2.1538079
7.7804375 1.52774 2.1641295
7.794459 1.4186236 2.1605484
7.8592477 1.3298537 2.1442473
7.9586725 1.2833334 2.11981
8.068082 1.2904568 2.0935893
8.160428 1.3493444 2.0719106
8.212924 1.4453348 2.059729
8.21268 1.5546112 2.0597858
8.159885 1.6501389 2.0721655
8.0677 1.7083535 2.0942154
7.958992 1.7149471 2.1208632
7.860675 1.6684085 2.1455343
7.797016 1.5803695 2.1617694
7.783659 1.472672 2.165191
7.823792 1.3719801 2.1550004
7.9073777 1.3031566 2.134189
8.013641 1.2831411 2.1083794
8.116288 1.3167561 2.0840232
8.189954 1.3955697 2.066827
8.216506 1.5000046 2.060666
8.189494 1.6041805 2.066967
8.11573 1.6823577 2.084443
8.013547 1.7152909 2.1092036
7.908261 1.6949444 2.1353457
7.8259087 1.6264789 2.1562104
7.7867765 1.5269381 2.1662302
7.800422 1.4209833 2.162744
7.863352 1.3348129 2.1468985
7.959884 1.2896798 2.1231372
8.066079 1.2966247 2.0976303
8.155684 1.3538007 2.0765362
8.206595 1.4469539 2.0646856
8.206329 1.5529817 2.0647476
8.155088 1.6456355 2.076797
8.065659 1.7020736 2.0982358
7.9602394 1.7084384 2.1241167
7.8649135 1.6632833 2.148056
7.803221 1.5779114 2.1637938
7.7903047 1.4735104 2.167103
7.829234 1.3759247 2.1572144
7.9102445 1.309262 2.1370234
8.013211 1.2898959 2.1119695
8.112649 1.3224913 2.0883152
8.183986 1.3988596 2.0716126
8.209667 1.4999992 2.0656347
8.18348 1.6008755 2.0717618
8.11204 1.6765448 2.0887306
8.013105 1.7083963 2.1127481
7.911217 1.6886744 2.1380734
7.831535 1.62239 2.1582694
7.7936997 1.5260624 2.167957
7.806935 1.4235538 2.1645756
7.8678255 1.340229 2.1492348
7.961206 1.2966026 2.1262183
8.063895 1.3033497 2.1015
8.15051 1.3586531 2.0810528
8.199702 1.448725 2.0695662
8.199413 1.551207 2.0696335
8.149866 1.640733 2.0813174
8.063443 1.6952379 2.102081
7.9615893 1.7013571 2.1271212
7.869522 1.6577108 2.1502564
7.809966 1.5752398 2.1654496
7.7975235 1.4744276 2.1686368
7.835137 1.3802199 2.1590807
7.9133687 1.3158847 2.1395657
8.012757 1.2972274 2.115341
8.108697 1.3287096 2.092462
8.177506 1.4024154 2.0763025
8.202254 1.5000064 2.0705235
8.176967 1.5972885 2.076458
8.1080475 1.6702446 2.0928693
8.012641 1.7009298 2.1160712
7.9144053 1.681882 2.1405108
7.8376265 1.6179707 2.1599743
7.801189 1.5251213 2.169302
7.813972 1.4263458 2.1660366
7.872671 1.346075 2.1512423
7.962628 1.3040841 2.1290429
8.06153 1.3106121 2.1051865
8.144931 1.363902 2.0854433
8.192263 1.4506422 2.0743563
8.191953 1.5492859 2.0744288
8.144237 1.6354402 2.0857124
8.061042 1.6878707 2.105743
7.9630384 1.6937228 2.129867
7.8744936 1.6517097 2.1521263
7.8172336 1.5723677 2.166731
7.8052993 1.4754026 2.169787
7.8414917 1.3848431 2.1605923
7.9167194 1.3230174 2.1418138
8.012257 1.3051138 2.1184902
8.104457 1.3354042 2.0964494
8.170541 1.4062392 2.0808833
8.194286 1.5000013 2.0753207
8.169962 1.5934455 2.0810463
8.103748 1.6634843 2.0968523
8.012141 1.6929125 2.119167
7.9178395 1.6745963 2.1426454
7.8441563 1.6132182 2.1613235
7.809222 1.5240993 2.170262
7.8215194 1.4293392 2.167122
7.877856 1.3523507 2.1529207
7.964164 1.3121003 2.131599
8.059008 1.3183972 2.1086755
8.138947 1.369515 2.0896997
8.184294 1.4526831 2.079044
8.183963 1.5472413 2.0791218
8.138205 1.629785 2.0899725
8.058485 1.679985 2.1092057
7.9646006 1.6855599 2.132342
7.8798 1.6452852 2.153665
7.824998 1.5692861 2.1676369
7.813607 1.476457 2.170552
7.848288 1.3897723 2.1617439
7.920309 1.3306302 2.1437564
8.011733 1.3135352 2.1214037
8.099921 1.3425434 2.1002715
8.163114 1.41033 2.085342
8.185786 1.5000079 2.0800135
8.1624975 1.5893362 2.085512
8.099175 1.6562697 2.1006641
8.011597 1.6843672 2.122031
7.9214883 1.6668271 2.144478
7.85112 1.6081649 2.1623113
7.817779 1.5230231 2.1708364
7.82956 1.4325155 2.16783
7.883376 1.359031 2.1542642
7.9657865 1.3206336 2.1338866
8.056313 1.3266765 2.1119645
8.132589 1.3754941 2.0938087
8.17582 1.454854 2.0836184
8.175471 1.545056 2.0837007
8.131801 1.6237655 2.094085
8.055757 1.6716095 2.1124675
7.9662595 1.6768881 2.1345448
7.885444 1.63847 2.1548665
7.833246 1.5660254 2.168166
7.8224277 1.4775646 2.170932
7.8554935 1.395013 2.162538
7.9241066 1.3387121 2.1453958
8.011167 1.3224669 2.1240807
8.09512 1.3501202 2.1039162
8.155233 1.4146569 2.0896719
8.176777 1.500003 2.0845926
8.154587 1.5849822 2.089847
8.094321 1.6486326 2.1043024
8.011032 1.6753157 2.1246521
7.9253626 1.6586055 2.1460025
7.858485 1.6028061 2.1629434
7.8268347 1.5218728 2.1710286
7.8380637 1.4358872 2.1681654
7.8892245 1.3660904 2.155272
7.967514 1.3296567 2.135898
8.053464 1.3354309 2.115046
8.12586 1.3818064 2.0977676
8.166867 1.4571593 2.088071
8.166496 1.5427577 2.0881588
8.125036 1.6174071 2.098044
8.052886 1.6627601 2.1155183
7.9680004 1.6677295 2.136476
7.8914022 1.6312749 2.1557343
7.8419514 1.5625833 2.1683228
7.831733 1.4787446 2.1709328
7.863101 1.4005327 2.1629755
7.928113 1.3472358 2.1467302
8.010571 1.3318852 2.1265163
8.09005 1.358102 2.1073833
8.146934 1.4192269 2.0938642
8.167283 1.4999986 2.089051
8.146253 1.5803957 2.0940459
8.089218 1.6405823 2.1077578
8.0104265 1.6657845 2.1270342
7.929441 1.6499488 2.1472225
7.866245 1.5971743 2.1632204
7.8363657 1.520673 2.1708443
7.847015 1.4394249 2.1681318
7.895368 1.3735237 2.1559508
7.96932 1.3391486 2.1376388
8.050479 1.3446397 2.1179144
8.118794 1.3884501 2.101567
8.157454 1.4595717 2.092397
8.157067 1.5403321 2.0924885
8.117922 1.6107345 2.101847
8.049861 1.6534679 2.1183608
7.969839 1.6581131 2.138132
7.8976502 1.6237135 2.1562755
7.8510857 1.5589601 2.1681163
7.841501 1.4799728 2.170561
7.871078 1.4063334 2.163065
7.9323254 1.356174 2.1477604
8.009954 1.341765 2.1287084
8.084732 1.366473 2.1106675
8.138226 1.4240092 2.0979168
8.1573305 1.5000043 2.0933836
8.137513 1.5755976 2.0981042
8.083869 1.6321471 2.11103
8.009803 1.6557982 2.1291728
7.9337034 1.640877 2.148145
7.8743706 1.5912757 2.1631517
7.8463454 1.5194162 2.1702926
7.856382 1.443138 2.1677396
7.9018064 1.3812975 2.1563032
7.9712105 1.3490813 2.1391087
8.047345 1.3542712 2.1205747
8.111396 1.3953923 2.105208
8.147612 1.4621046 2.0965908
8.147208 1.5377964 2.0966868
8.110491 1.603751 2.1054878
8.046708 1.643752 2.1209905
7.971751 1.6480616 2.1395216
7.9041862 1.6158192 2.1564944
7.8606324 1.5551845 2.1675553
7.851702 1.4812657 2.1698296
7.8794136 1.4123832 2.162814
7.936714 1.3655105 2.1484978
8.009302 1.352078 2.1306646
8.079191 1.375215 2.1137671
8.129143 1.4290082 2.1018264
8.146946 1.5000002 2.0975885
8.128401 1.570584 2.1020193
8.078283 1.6233546 2.1141222
8.009142 1.6453855 2.1310778
7.9381566 1.6314231 2.1487737
7.882835 1.5851194 2.1627512
7.8567452 1.5180969 2.1693885
7.8661427 1.4470065 2.1670015
7.9085064 1.3894025 2.156344
7.973189 1.3594259 2.1403134
8.04409 1.3643049 2.1230264
8.103692 1.4026216 2.1086905
8.137362 1.464732 2.1006544
8.136943 1.5351659 2.1007543
8.102751 1.5964898 2.1089714
8.0434265 1.6336421 2.1234143
7.9737496 1.637606 2.140648
7.910978 1.6076016 2.156406
7.8705573 1.5512493 2.1666558
7.8623104 1.4826093 2.1687524
7.888075 1.4186805 2.1622381
7.9412847 1.3752118 2.1489484
8.008633 1.3627969 2.1323874
8.073425 1.3842943 2.1166897
8.119702 1.4341938 2.1055956
8.13616 1.500005 2.1016657
8.118932 1.5653846 2.1057937
8.07249 1.6142192 2.1170328
8.008466 1.6345737 2.1327493
7.9427714 1.6216052 2.1491232
7.8916264 1.5787369 2.1620293
7.867539 1.5167367 2.1681461
7.8762736 1.4510121 2.1659312
7.915464 1.3978052 2.1560812
7.9752326 1.3701575 2.1412652
8.040707 1.3747079 2.125278
8.09571 1.4101242 2.1120152
8.126739 1.4674644 2.1045866
8.126305 1.5324306 2.1046906
8.094734 1.5889579 2.112297
8.040019 1.6231686 2.1256387
7.9758196 1.6267731 2.141523
7.91802 1.5990947 2.1560202
7.8808403 1.5471815 2.1654325
7.8732963 1.4839922 2.1673467
7.8970428 1.4252003 2.1613514
7.9460087 1.3852588 2.1491272
8.007932 1.3738914 2.133888
8.067465 1.393695 2.1194358
8.109934 1.4395604 2.1092257
8.125 1.5000014 2.1056168
8.109142 1.5599986 2.1094275
8.06649 1.6047752 2.119771
8.007766 1.623393 2.1341999
7.9475503 1.6114576 2.1492028
7.9007096 1.5721321 2.1610062
7.8786945 1.5153228 2.166586
7.8867407 1.4551598 2.1645494
7.9226465 1.4064933 2.1555347
7.977351 1.3812435 2.1419728
8.037219 1.3854568 2.127334
8.08746 1.4178671 2.1151903
8.115766 1.4702783 2.108393
8.115317 1.5296141 2.1085005
8.086453 1.5811878 2.1154723
8.036509 1.612355 2.1276689
7.977948 1.6155913 2.142161
7.925281 1.5903113 2.1553576
7.891447 1.5429772 2.163907
7.884629 1.485427 2.1656337
7.9062977 1.4319189 2.160172
7.950887 1.3956171 2.1490471
8.007209 1.3853314 2.135177
8.061313 1.4033829 2.1220174
8.099868 1.4450991 2.1127224
8.113498 1.5000054 2.1094475
8.099052 1.5544487 2.1129286
8.060316 1.5950397 2.1223414
8.007036 1.6118747 2.1354432
7.9524727 1.6010042 2.1490314
7.9100733 1.5653414 2.1596987
7.8901834 1.5138744 2.1647289
7.897521 1.4594235 2.1628754
7.930042 1.4154373 2.154721
7.979525 1.3926563 2.142454
8.033623 1.3965173 2.129209
8.078975 1.4258404 2.1182206
8.104475 1.4731741 2.1120787
8.104017 1.5267092 2.112189
8.077941 1.5731899 2.118503
8.032891 1.6012357 2.12952
7.980144 1.604094 2.1425748
7.9327526 1.581285 2.154436
7.902354 1.538662 2.162102
7.896279 1.4868947 2.163637
7.915805 1.4388299 2.158724
7.955894 1.4062645 2.1487296
8.006474 1.3970863 2.136266
8.054999 1.4133395 2.1244411
8.089525 1.4507822 2.1160946
8.101685 1.5000023 2.113164
8.088688 1.5487554 2.1163044
8.05397 1.5850475 2.124757
8.006295 1.6000493 2.1364892
7.957519 1.5902711 2.1486287
7.9196754 1.55836 2.1581335
7.9019732 1.5123874 2.1626
7.9085793 1.4638047 2.160935
7.937634 1.4246088 2.1536598
7.9817615 1.4043622 2.1427221
8.029934 1.4078616 2.1309135
8.07027 1.4340119 2.1211174
8.0929 1.4761498 2.1156502
8.092431 1.5237317 2.1157634
8.069214 1.5649917 2.1213987
8.02919 1.5898368 2.1311994
7.9823885 1.5923102 2.1427827
7.9404078 1.5720354 2.1532762
7.9135284 1.5342401 2.1600397
7.9082117 1.4884049 2.1613796
7.9255466 1.4459035 2.1570265
7.961022 1.4171686 2.14819
8.005714 1.4091228 2.1371715
8.048529 1.42353 2.1267197
8.078939 1.4566054 2.119348
8.089592 1.4999996 2.1167727
8.078083 1.5429231 2.1195614
8.047482 1.5748187 2.1270263
8.005531 1.58795 2.1373565
7.9626875 1.5792934 2.1480117
7.9295015 1.5512238 2.156331
7.914031 1.5108606 2.160225
7.919891 1.4682798 2.1587515
7.9453926 1.4339911 2.1523757
7.9840417 1.4163313 2.1427982
8.026169 1.4194602 2.1324596
8.061375 1.4423686 2.1238897
8.081069 1.479185 2.119118
8.08059 1.5206946 2.1192338
8.060294 1.5566195 2.124172
8.025409 1.5781919 2.1327255
7.984687 1.5802745 2.142803
7.948222 1.5625849 2.1519048
7.9249377 1.5297192 2.1577504
7.9203963 1.4899461 2.1588922
7.935489 1.4531301 2.15511
7.966262 1.4282974 2.147452
8.004945 1.4214088 2.1379113
8.041926 1.4339305 2.1288676
8.068134 1.4625428 2.1224976
8.077254 1.5000025 2.120286
8.067262 1.5369776 2.122714
8.040863 1.5643853 2.1291656
8.004757 1.5756093 2.1380618
7.9679537 1.5680959 2.147207
7.9395175 1.5439428 2.1543217
7.9263253 1.5093093 2.1576335
7.9314194 1.4728469 2.1563559
7.9533043 1.4435508 2.1508932
7.9863667 1.4285297 2.142703
8.022327 1.431278 2.1338685
8.052308 1.4508795 2.126554
8.069016 1.482282 2.1224937
8.06853 1.5175958 2.122612
8.051211 1.5480884 2.1268356
8.021553 1.5663342 2.1341164
7.9870224 1.5680178 2.1426604
7.956182 1.5529661 2.150347
7.9365544 1.5251217 2.1552627
7.9328 1.4915103 2.156204
7.9456115 1.4604813 2.1530006
7.97159 1.4396248 2.1465428
8.004156 1.4339098 2.1385078
8.0352125 1.4445146 2.1309001
8.057145 1.4685868 2.125555
8.064705 1.5000005 2.123716
8.056258 1.5309267 2.1257741
8.034128 1.5537777 2.1311924
8.003969 1.5630615 2.1386266
7.973312 1.5567138 2.1462376
7.9497023 1.5365452 2.1521323
7.938821 1.5077282 2.1548567
7.9431367 1.4774877 2.153777
7.961341 1.4532682 2.149241
7.988733 1.4409232 2.1424584
8.018428 1.4432855 2.1351557
8.043099 1.4595253 2.129123
8.056774 1.4854233 2.12579
8.056281 1.5144528 2.1259103
8.041986 1.5394286 2.1294045
8.017642 1.5542933 2.1353877
7.989398 1.5555756 2.1423743
7.964259 1.5431994 2.1486297
7.9483438 1.5204514 2.1526055
7.9453874 1.493102 2.1533449
7.95588 1.4679441 2.1507273
7.9769993 1.4511161 2.1454837
8.003361 1.4465923 2.138978
8.0283985 1.4552486 2.1328347
8.045998 1.4747133 2.1285343
8.051978 1.5000023 2.1270752
8.045099 1.5247943 2.1287558
8.027303 1.5430206 2.1331208
8.003166 1.550341 2.1390731
7.9787397 1.5451748 2.145131
7.9600244 1.5290469 2.1497936
7.9514847 1.5061297 2.1519258
7.955011 1.4821868 2.1510458
7.9694858 1.4631114 2.1474457
7.9911265 1.4534793 2.1420898
8.014475 1.4554472 2.1363423
8.033774 1.4682847 2.131613
8.044376 1.4886053 2.1290216
8.043878 1.5112666 2.1291435
8.032648 1.5306579 2.1318948
8.0136795 1.5421046 2.1365619
7.9918017 1.5429808 2.1419718
7.9724374 1.5333166 2.1467822
7.960276 1.5157285 2.1498122
7.9581246 1.4947093 2.1503487
7.96627 1.4754944 2.1483214
7.9824686 1.4627427 2.1443043
8.002552 1.4594209 2.1393468
8.02151 1.4661069 2.134688
8.034724 1.4809097 2.1314507
8.039108 1.5000007 2.130378
8.033818 1.518591 2.131674
8.0204 1.5321473 2.134971
8.002358 1.5374823 2.139422
7.984229 1.5335133 2.1439135
7.970454 1.5214667 2.1473374
7.964281 1.5045117 2.1488743
7.967007 1.4869376 2.148196
7.977712 1.4730577 2.1455386
7.993547 1.4661623 2.1416218
8.010486 1.467732 2.1374483
8.024355 1.477129 2.1340423
8.0318575 1.4918209 2.132203
8.031355 1.5080521 2.1323264
8.023219 1.5218052 2.1343243
8.009683 1.5297997 2.1376586
7.9942255 1.5302678 2.1414795
7.9806886 1.5233411 2.1448364
7.972317 1.5109618 2.1469166
7.9709764 1.4963337 2.14725
7.9767537 1.48311 2.1458154
7.9879885 1.4744705 2.1430328
8.001738 1.4723607 2.1396384
8.01456 1.4770566 2.1364825
8.023356 1.4871604 2.134322
8.026133 1.4999998 2.1336405
8.022444 1.5123374 2.1345465
8.013444 1.5211844 2.1367617
8.001542 1.524521 2.1396987
7.989761 1.5217596 2.1426141
7.9809666 1.5138296 2.1447952
7.9771757 1.5028836 2.145736
7.979095 1.4917225 2.1452596
7.986 1.4830775 2.1435487
7.9959817 1.4789388 2.141081
8.006464 1.4801043 2.1384962
8.01487 1.4860373 2.1364274
8.019251 1.495057 2.1353505
8.018745 1.5048136 2.1354747
8.013728 1.5128912 2.1367097
8.005657 1.5174136 2.1386998
7.996667 1.5174723 2.140921
7.9889946 1.5133027 2.1428201
7.984433 1.5061635 2.1439505
7.9839077 1.4979666 2.1440809
7.9873004 1.4907732 2.1432407
7.9935393 1.4862691 2.1416976
8.00092 1.4853766 2.1398752
8.007571 1.4880702 2.1382356
8.011924 1.4934448 2.1371636
8.013084 1.5000004 2.136878
8.011007 1.5060513 2.1373894
8.006451 1.5101639 2.1385128
8.000723 1.5114924 2.139927
7.9953194 1.5099458 2.1412625
7.9915304 1.5061535 2.1421998
7.990133 1.5012468 2.1425457
7.991239 1.4965314 2.142272
7.9943275 1.4931428 2.1415083
7.9984303 1.4917723 2.1404948
8.002426 1.4925315 2.1395085
8.0053425 1.4949827 2.1387892
8.006592 1.4983076 2.1384811
8.006085 1.5015624 2.138606
8.004198 1.5039423 2.1390717
8.001617 1.5049794 2.1397088
7.999117 1.5046287 2.1403263
7.99733 1.5032274 2.1407676
7.9965925 1.5013493 2.1409497
7.9968834 1.4996063 2.140878
7.997882 1.4984611 2.1406312
7.9991083 1.4981049 2.1403284
8.000098 1.4984323 2.140084
8.000561 1.4991158 2.1399698
8.000459 1.4997478 2.139995
8.0 1.5 2.1401083
