0.0 1.0
1.0e-2 1.0002784
2.0e-2 1.0005499
3.0e-2 1.0008147
4.0e-2 1.0010728
4.9999997e-2 1.001324
6.0e-2 1.0015687
7.0e-2 1.0018065
8.0e-2 1.0020375
8.9999996e-2 1.0022619
9.9999994e-2 1.0024794
0.11 1.0026903
0.12 1.0028945
0.13 1.003092
0.14 1.0032828
0.14999999 1.0034668
0.16 1.0036442
0.17 1.0038148
0.17999999 1.0039787
0.19 1.004136
0.19999999 1.0042865
0.21 1.0044304
0.22 1.0045676
0.22999999 1.0046982
0.24 1.004822
0.25 1.0049393
0.26 1.00505
0.26999998 1.0051538
0.28 1.0052509
0.29 1.0053415
0.29999998 1.0054255
0.31 1.0055026
0.32 1.0055732
0.32999998 1.005637
0.34 1.0056944
0.35 1.0057449
0.35999998 1.0057888
0.37 1.0058261
0.38 1.0058566
0.39 1.0058806
0.39999998 1.005898
0.41 1.0059087
0.42 1.0059128
0.42999998 1.0059102
0.44 1.0059009
0.45 1.0058849
0.45999998 1.0058622
0.47 1.005833
0.48 1.0057971
0.48999998 1.0057546
0.5 1.0057054
0.51 1.0056494
0.52 1.005587
0.53 1.0055178
0.53999996 1.005442
0.55 1.0053595
0.56 1.0052704
0.57 1.0051745
0.58 1.0050721
0.59 1.0049629
0.59999996 1.0048472
0.61 1.0047247
0.62 1.0045955
0.63 1.0044597
0.64 1.0043173
0.65 1.0041682
0.65999997 1.0040123
0.66999996 1.0038499
0.68 1.0036806
0.69 1.0035046
0.7 1.003322
0.71 1.0031327
0.71999997 1.0029366
0.72999996 1.0027338
0.74 1.0025244
0.75 1.0023081
0.76 1.0020852
0.77 1.0018555
0.78 1.0016191
0.78999996 1.001376
0.79999995 1.0011262
0.81 1.0008696
0.82 1.0006063
0.83 1.0003362
0.84 1.0000592
0.84999996 0.9997756
0.85999995 0.99948514
0.87 0.99918795
0.88 0.99888396
0.89 0.9985732
0.9 0.9982556
0.90999997 0.99793124
0.91999996 0.9976001
0.93 0.99726206
0.94 0.99691725
0.95 0.9965656
0.96 0.99620706
0.96999997 0.9958417
0.97999996 0.99546945
0.98999995 0.99509037
1.0 0.9947044
